34
crime data shape
(1648, 6)
weather data shape
(1648, 20)

ML Linear Regression...
PDQ: 1.0
(1318, 10)
(1318, 6)
-0.056658150892314615

PDQ: 3.0
(1318, 10)
(1318, 6)
-0.5109709169549517

PDQ: 4.0
(1318, 10)
(1318, 6)
1.2085471800075804

PDQ: 5.0
(1318, 10)
(1318, 6)
0.02540715639247708

PDQ: 7.0
(1318, 10)
(1318, 6)
0.5386209938464355

PDQ: 8.0
(1318, 10)
(1318, 6)
-0.03472351628276367

PDQ: 9.0
(1318, 10)
(1318, 6)
-1.1233803385678998

PDQ: 10.0
(1318, 10)
(1318, 6)
-0.1487917572100548

PDQ: 11.0
(1318, 10)
(1318, 6)
0.730688525530876

PDQ: 12.0
(1318, 10)
(1318, 6)
-0.0775369688972231

PDQ: 13.0
(1318, 10)
(1318, 6)
-0.8537554046299144

PDQ: 15.0
(1318, 10)
(1318, 6)
2.4052746184299565

PDQ: 16.0
(1318, 10)
(1318, 6)
-1.1537073513742617

PDQ: 20.0
(1318, 10)
(1318, 6)
-1.7554387457538594

PDQ: 21.0
(1318, 10)
(1318, 6)
-0.7749308785312082

PDQ: 22.0
(1318, 10)
(1318, 6)
0.5411142814771414

PDQ: 23.0
(1318, 10)
(1318, 6)
3.672241435893437

PDQ: 24.0
(1318, 10)
(1318, 6)
1.9098081623440688

PDQ: 26.0
(1318, 10)
(1318, 6)
0.5962176158797194

PDQ: 27.0
(1318, 10)
(1318, 6)
-0.35605661257306237

PDQ: 30.0
(1318, 10)
(1318, 6)
-0.786254887787778

PDQ: 31.0
(1318, 10)
(1318, 6)
0.07572073978915209

PDQ: 33.0
(1318, 10)
(1318, 6)
-0.8136656989747568

PDQ: 35.0
(1318, 10)
(1318, 6)
0.33953036405720644

PDQ: 38.0
(1318, 10)
(1318, 6)
1.9528186703217167

PDQ: 39.0
(1318, 10)
(1318, 6)
0.95140581606654

PDQ: 42.0
(1318, 10)
(1318, 6)
-0.011976728745441503

PDQ: 44.0
(1318, 10)
(1318, 6)
-0.7818791369929051

PDQ: 45.0
(1318, 10)
(1318, 6)
0.4696540498537419

PDQ: 46.0
(1318, 10)
(1318, 6)
-1.8106282342657032

PDQ: 48.0
(1318, 10)
(1318, 6)
1.4947761607980448

PDQ: 49.0
(1318, 10)
(1318, 6)
-0.7467093547188789

PDQ: 50.0
(1318, 10)
(1318, 6)
-0.2549725138720609

PDQ: 55.0
(1318, 10)
(1318, 6)
-1.3122364037591545

