34
crime data shape
(1648, 6)
(1648, 10)
weather data shape
(1648, 10)

ML Linear Regression...
PDQ: 1.0
(1318, 10)
(1318, 6)
0.0023446070557912504

PDQ: 3.0
(1318, 10)
(1318, 6)
-0.0044715946715286605

PDQ: 4.0
(1318, 10)
(1318, 6)
0.0010643046770580874

PDQ: 5.0
(1318, 10)
(1318, 6)
-0.008935838590948236

PDQ: 7.0
(1318, 10)
(1318, 6)
-0.012351688953282494

PDQ: 8.0
(1318, 10)
(1318, 6)
-0.009837429287786723

PDQ: 9.0
(1318, 10)
(1318, 6)
-0.003271326526495649

PDQ: 10.0
(1318, 10)
(1318, 6)
0.0005862464050549002

PDQ: 11.0
(1318, 10)
(1318, 6)
-0.00032917351917815255

PDQ: 12.0
(1318, 10)
(1318, 6)
-0.00456185488157961

PDQ: 13.0
(1318, 10)
(1318, 6)
-0.002278489790185639

PDQ: 15.0
(1318, 10)
(1318, 6)
0.01893209761868024

PDQ: 16.0
(1318, 10)
(1318, 6)
-0.013271307881755404

PDQ: 20.0
(1318, 10)
(1318, 6)
0.005108181861824509

PDQ: 21.0
(1318, 10)
(1318, 6)
0.022179244296177614

PDQ: 22.0
(1318, 10)
(1318, 6)
0.009526863226651963

PDQ: 23.0
(1318, 10)
(1318, 6)
0.016055926775220043

PDQ: 24.0
(1318, 10)
(1318, 6)
-0.004354963124088672

PDQ: 26.0
(1318, 10)
(1318, 6)
0.003598642559933255

PDQ: 27.0
(1318, 10)
(1318, 6)
0.01240767115777628

PDQ: 30.0
(1318, 10)
(1318, 6)
-0.00401165577848731

PDQ: 31.0
(1318, 10)
(1318, 6)
-0.005067327342601911

PDQ: 33.0
(1318, 10)
(1318, 6)
0.004661345536192597

PDQ: 35.0
(1318, 10)
(1318, 6)
-0.008501176678159124

PDQ: 38.0
(1318, 10)
(1318, 6)
0.035955784985864395

PDQ: 39.0
(1318, 10)
(1318, 6)
-0.0071013832756878495

PDQ: 42.0
(1318, 10)
(1318, 6)
-0.0033565795781875674

PDQ: 44.0
(1318, 10)
(1318, 6)
0.00705691447087163

PDQ: 45.0
(1318, 10)
(1318, 6)
0.008067556645125117

PDQ: 46.0
(1318, 10)
(1318, 6)
-0.010975751429237898

PDQ: 48.0
(1318, 10)
(1318, 6)
-0.003451633890188052

PDQ: 49.0
(1318, 10)
(1318, 6)
0.002580888118691596

PDQ: 50.0
(1318, 10)
(1318, 6)
3.430783301972392e-05

PDQ: 55.0
(1318, 10)
(1318, 6)
-0.010777678864950891

