34
crime data shape
(1648, 6)
(1648, 10)
weather data shape
(1648, 10)

ML Linear Regression...
PDQ: 1.0
(1318, 10)
(1318, 6)
-0.1589375460697345

PDQ: 3.0
(1318, 10)
(1318, 6)
-0.1971460153252068

PDQ: 4.0
(1318, 10)
(1318, 6)
-0.19833735551677764

PDQ: 5.0
(1318, 10)
(1318, 6)
-0.15897455489754628

PDQ: 7.0
(1318, 10)
(1318, 6)
-0.15495373387138434

PDQ: 8.0
(1318, 10)
(1318, 6)
-0.1737257168722065

PDQ: 9.0
(1318, 10)
(1318, 6)
-0.1877029080212637

PDQ: 10.0
(1318, 10)
(1318, 6)
-0.14794702472175084

PDQ: 11.0
(1318, 10)
(1318, 6)
-0.17569824755827007

PDQ: 12.0
(1318, 10)
(1318, 6)
-0.16684494207506545

PDQ: 13.0
(1318, 10)
(1318, 6)
-0.15584369478760948

PDQ: 15.0
(1318, 10)
(1318, 6)
-0.2205707774878501

PDQ: 16.0
(1318, 10)
(1318, 6)
-0.13072792934852642

PDQ: 20.0
(1318, 10)
(1318, 6)
-0.17163704597567164

PDQ: 21.0
(1318, 10)
(1318, 6)
-0.1319768996548312

PDQ: 22.0
(1318, 10)
(1318, 6)
-0.17614929388777167

PDQ: 23.0
(1318, 10)
(1318, 6)
-0.17166169876085335

PDQ: 24.0
(1318, 10)
(1318, 6)
-0.16765871615608452

PDQ: 26.0
(1318, 10)
(1318, 6)
-0.17402632986110914

PDQ: 27.0
(1318, 10)
(1318, 6)
-0.1717047134631343

PDQ: 30.0
(1318, 10)
(1318, 6)
-0.20914732194648342

PDQ: 31.0
(1318, 10)
(1318, 6)
-0.15036060775605364

PDQ: 33.0
(1318, 10)
(1318, 6)
-0.17863943516065703

PDQ: 35.0
(1318, 10)
(1318, 6)
-0.14247047371879795

PDQ: 38.0
(1318, 10)
(1318, 6)
-0.2464374058635127

PDQ: 39.0
(1318, 10)
(1318, 6)
-0.11306520853212179

PDQ: 42.0
(1318, 10)
(1318, 6)
-0.2152618741693689

PDQ: 44.0
(1318, 10)
(1318, 6)
-0.2704361855758449

PDQ: 45.0
(1318, 10)
(1318, 6)
-0.16955466299529556

PDQ: 46.0
(1318, 10)
(1318, 6)
-0.17384904382516483

PDQ: 48.0
(1318, 10)
(1318, 6)
-0.13709952558890454

PDQ: 49.0
(1318, 10)
(1318, 6)
-0.1606362140776111

PDQ: 50.0
(1318, 10)
(1318, 6)
-0.15578493278894984

PDQ: 55.0
(1318, 10)
(1318, 6)
-0.22214191852824844

